28.4252 29.1452 31.0446 34.3002 40.0415 49.5233 68.1619 110.3292 222.1954 2557.0225 229.8183 103.1504 59.9607 40.5421 30.2204 24.9266 22.6102 23.5571 19.8853
28.4240 29.2228 31.0050 34.4428 40.3636 50.0665 67.6058 107.5111 213.6207 787.1934 225.1095 101.1447 58.7870 39.4060 29.3778 24.1697 22.1147 23.2868 19.8851
28.4240 29.0985 31.3908 34.9097 40.0120 48.4803 64.6360 101.8887 215.9636 1110.6863 214.5636 98.9682 57.7779 38.5553 28.5179 23.4057 21.6122 23.0110 19.8851
28.4240 29.2728 31.4481 34.5077 39.0355 46.7087 61.5202 94.6945 198.9531 916.3356 198.5481 92.4545 56.9493 37.9545 27.8669 22.8719 21.3427 22.9883 19.8851
28.4240 29.3516 31.4993 33.9771 37.9615 44.8680 57.4816 86.9328 179.3511 648.0742 179.2761 85.3678 54.5016 37.5751 27.6790 22.7714 21.5106 23.2292 19.8851
28.4240 29.4233 31.4096 33.2435 36.9988 42.8035 54.1068 79.2812 159.8993 377.1354 159.8543 79.2062 51.8018 37.7057 27.7098 22.8750 21.6864 23.4857 19.8851
28.4240 29.4892 31.0070 32.9187 35.8247 41.2088 51.0718 73.3076 143.3546 340.0676 143.3046 73.0377 50.7718 38.4038 28.5280 23.4331 22.3210 23.2585 19.8851
28.4240 29.6411 30.8652 32.2502 35.1813 40.2103 49.2079 69.3211 133.0125 316.7529 132.9575 69.1561 48.8279 39.7203 30.9714 25.0515 23.4907 23.0300 19.8851
28.4240 29.5894 30.6286 32.1679 34.7744 39.5048 48.2293 67.9212 129.5820 318.6517 129.4820 67.7512 47.9543 39.0048 34.0944 31.2679 27.8471 22.4865 19.8851
28.4240 29.6462 30.4737 31.9707 34.4131 39.2248 48.2011 68.2453 129.9332 291.7814 129.8682 68.0353 47.8811 38.7248 33.7651 31.0707 27.7321 21.9536 19.8851
28.4240 29.5931 30.6207 31.8836 34.6091 39.4374 48.6038 69.3410 131.6576 273.7510 131.5476 69.1210 48.2788 39.0024 33.9191 30.8736 27.3318 21.2021 19.8851
28.4240 29.5415 33.0840 31.9139 34.7511 39.6863 49.5956 70.9728 132.4830 261.2361 132.4080 70.7178 49.2306 39.2463 34.0211 30.9039 26.9381 20.2593 19.8851
28.4240 29.2922 31.1361 32.1849 35.0952 40.5558 50.5099 72.4256 132.2717 236.8360 132.1217 72.1256 50.0999 40.0358 34.4352 31.1749 26.2774 19.9985 19.8851
28.4240 29.2482 30.9124 32.5231 35.7524 41.1701 51.6014 73.6400 131.1029 196.7710 130.9129 73.4500 51.2614 40.6502 35.0524 31.4731 25.3705 19.9587 19.8851
28.4240 29.2102 31.1139 33.0036 36.2483 42.2082 52.7899 74.8783 129.6815 207.3732 129.6014 74.6483 52.3699 41.6082 35.5083 31.8036 24.5029 19.9243 19.8851
28.4240 28.9811 30.8430 33.4107 36.9192 43.1121 54.0444 76.3307 128.8260 196.1172 128.6760 75.9907 53.5144 42.5421 36.0992 32.1707 23.1835 19.8964 19.8851
28.4240 28.9580 30.7929 33.6096 37.5907 43.9386 55.2376 77.6133 128.5812 190.4931 128.3912 77.3083 54.7426 43.3286 36.6907 32.0841 21.7237 19.8758 19.8851
28.4240 29.0536 30.6706 33.1471 37.5816 44.7779 56.6353 79.0210 129.0211 188.1821 128.8661 78.6360 56.1003 44.2747 37.3558 32.0299 20.5944 19.8632 19.8851
28.4240 28.9632 30.4609 32.9269 36.9356 43.8733 55.6765 78.4177 128.5503 188.2606 129.6642 80.1152 57.3899 45.3403 38.2048 32.3250 20.5851 19.8590 19.8851
28.4252 28.9679 30.0825 32.6600 36.3700 42.9005 54.2440 76.2074 126.3447 188.2497 127.9141 78.7129 56.9207 45.2368 38.4945 32.6573 21.9235 19.8632 19.8853
28.4252 28.8990 30.0315 32.3283 35.9939 42.0794 52.6876 73.6429 123.2489 189.6382 125.6038 76.8247 59.9008 44.6783 38.0989 32.7052 24.1312 19.8757 19.8853
28.4252 28.9209 29.8926 32.0405 35.4080 41.2325 51.1105 70.6399 119.0519 191.5616 122.3125 74.7486 54.7945 44.2289 37.8399 33.1050 25.7573 19.8962 19.8853
28.4252 29.3498 29.7742 31.7938 35.0776 40.5465 49.9087 68.3658 114.7106 195.2879 118.4902 72.5103 53.9212 43.6783 37.5638 33.0451 26.9318 19.9241 19.8853
28.4252 37.3384 29.8548 31.7570 34.9732 40.3049 49.4486 67.5561 113.6850 205.1675 117.2717 71.8234 53.3910 43.3952 37.5458 32.9396 27.6213 19.9585 19.8853
28.4252 29.6184 29.7684 31.7455 35.0794 40.4839 49.9841 69.1403 118.3520 225.3693 121.6918 73.0573 53.6107 43.5762 37.5322 32.9352 28.4224 20.8804 19.8853
28.4252 28.8918 29.8732 31.7548 35.3225 41.7960 51.3162 72.6835 201.3483 350.2018 187.0307 76.0752 54.6476 43.8096 37.5523 32.8774 28.7456 22.0920 19.8853
28.4252 28.7580 29.9858 31.9482 35.6439 42.3371 53.2003 77.3040 528.3071 396.3091 237.5186 80.0364 56.1062 44.3977 37.7602 32.6062 29.0785 22.8756 19.8853
28.4252 28.9979 30.1032 32.3212 36.2385 42.8815 55.3222 82.1486 428.5337 408.6605 212.7030 84.5705 57.8415 45.3008 37.8280 32.5062 28.9676 23.4313 19.8853
28.4252 29.0522 30.1118 32.5910 36.7545 44.1621 57.7795 87.6160 175.3719 432.4174 176.4815 89.4577 59.8155 46.1745 37.6408 32.2648 28.8654 23.7403 19.8853
28.4252 28.9951 30.4086 32.9717 37.3399 45.3269 60.2405 93.1497 193.3489 545.5932 194.0109 94.7054 61.8532 46.5519 37.7665 32.1745 28.7636 24.0510 19.8853
28.4252 29.0451 30.4088 33.2364 38.2153 46.5817 62.4666 98.0331 204.2868 452.3745 204.6936 99.2898 63.7168 46.8868 37.5845 32.1525 28.8738 24.3617 19.8853
28.4252 29.0904 30.6928 33.5977 38.7889 47.4404 64.4214 102.1102 213.2492 666.6450 213.6293 103.1544 64.6819 47.1768 37.1789 31.4464 28.6836 24.4060 19.8853
28.4252 29.2084 30.8562 34.0147 39.1410 48.4179 65.9822 105.2513 220.6815 708.2269 221.0656 124.9589 64.2426 45.1699 34.8098 29.2068 26.4329 24.4443 19.8853
28.4252 29.2404 31.0061 34.2209 39.6325 49.0958 66.9559 107.5838 226.7409 807.7064 225.7761 105.5539 62.4303 43.5519 33.5540 27.9170 25.1068 24.4454 19.8853
28.4252 29.3457 30.9481 34.2847 39.9602 49.5462 67.8376 109.0178 230.6337 1013.5009 227.6202 104.1815 61.6138 42.3092 32.2894 26.6563 24.3512 24.3883 19.8853
28.4252 29.2502 31.0609 34.3118 39.9187 49.7706 68.1829 109.6822 232.4787 851.1068 228.1553 103.6074 60.5878 41.2697 31.2704 25.6646 23.3447 24.0896 19.8853
28.4252 29.1452 31.0446 34.3002 40.0415 49.5233 68.1619 110.3292 222.1954 2557.0227 229.8183 103.1504 59.9607 40.5421 30.2204 24.9266 22.6102 23.5571 19.8853
