   5.72957802       5.72957802      = l, b
    d       x       y       z       ne      dsm    arm  cl void
  0.005   0.000   8.495   0.000   0.0050  0.250E-06 5    0  0
  0.015   0.001   8.485   0.001   0.0050  0.250E-06 5    0  0
  0.025   0.002   8.475   0.002   0.0050  0.250E-06 5    0  0
  0.035   0.003   8.465   0.003   0.0050  0.250E-06 5    0  0
  0.045   0.004   8.455   0.004   0.0050  0.250E-06 5    0  0
  0.055   0.005   8.446   0.005   0.0050  0.250E-06 5    0  0
  0.065   0.006   8.436   0.006   0.0050  0.250E-06 5    0  0
  0.075   0.007   8.426   0.007   0.0050  0.250E-06 5    0  0
  0.085   0.008   8.416   0.008   0.0050  0.250E-06 5    0  0
  0.095   0.009   8.406   0.009   0.0050  0.250E-06 5    0  0
  0.105   0.010   8.396   0.010   0.0050  0.250E-06 5    0  0
  0.115   0.011   8.386   0.011   0.0050  0.250E-06 5    0  0
  0.125   0.012   8.376   0.012   0.0050  0.250E-06 5    0  0
  0.135   0.013   8.366   0.013   0.0050  0.250E-06 5    0  0
  0.145   0.014   8.356   0.014   0.0050  0.250E-06 5    0  0
  0.155   0.015   8.347   0.015   0.0125  0.313E-04 5    0  0
  0.165   0.016   8.337   0.016   0.0040  0.000E+00 5    0 11
  0.175   0.017   8.327   0.017   0.0040  0.000E+00 5    0 11
  0.185   0.018   8.317   0.018   0.0040  0.000E+00 5    0 11
